-69.126050 -60.172250 -52.524650
-69.126050 -60.172250 -42.524650
-69.126050 -60.172250 -32.524650
-69.126050 -60.172250 -22.524650
-69.126050 -60.172250 -12.524650
-69.126050 -60.172250 -2.524650
-69.126050 -60.172250 7.475350
-69.126050 -60.172250 17.475350
-69.126050 -60.172250 27.475350
-69.126050 -60.172250 37.475350
-69.126050 -60.172250 47.475350
-69.126050 -60.172250 57.475350
-69.126050 -60.172250 67.475350
-69.126050 -60.172250 77.475350
-69.126050 -60.172250 87.475350
-59.126050 -60.172250 -52.524650
-59.126050 -60.172250 -42.524650
-59.126050 -60.172250 -32.524650
-59.126050 -60.172250 -22.524650
-59.126050 -60.172250 -12.524650
-59.126050 -60.172250 -2.524650
-59.126050 -60.172250 7.475350
-59.126050 -60.172250 17.475350
-59.126050 -60.172250 27.475350
-59.126050 -60.172250 37.475350
-59.126050 -60.172250 47.475350
-59.126050 -60.172250 57.475350
-59.126050 -60.172250 67.475350
-59.126050 -60.172250 77.475350
-59.126050 -60.172250 87.475350
-49.126050 -60.172250 -52.524650
-49.126050 -60.172250 -42.524650
-49.126050 -60.172250 -32.524650
-49.126050 -60.172250 -22.524650
-49.126050 -60.172250 -12.524650
-49.126050 -60.172250 -2.524650
-49.126050 -60.172250 7.475350
-49.126050 -60.172250 17.475350
-49.126050 -60.172250 27.475350
-49.126050 -60.172250 37.475350
-49.126050 -60.172250 47.475350
-49.126050 -60.172250 57.475350
-49.126050 -60.172250 67.475350
-49.126050 -60.172250 77.475350
-49.126050 -60.172250 87.475350
-39.126050 -60.172250 -52.524650
-39.126050 -60.172250 -42.524650
-39.126050 -60.172250 -32.524650
-39.126050 -60.172250 -22.524650
-39.126050 -60.172250 -12.524650
-39.126050 -60.172250 -2.524650
-39.126050 -60.172250 7.475350
-39.126050 -60.172250 17.475350
-39.126050 -60.172250 27.475350
-39.126050 -60.172250 37.475350
-39.126050 -60.172250 47.475350
-39.126050 -60.172250 57.475350
-39.126050 -60.172250 67.475350
-39.126050 -60.172250 77.475350
-39.126050 -60.172250 87.475350
-29.126050 -60.172250 -52.524650
-29.126050 -60.172250 -42.524650
-29.126050 -60.172250 -32.524650
-29.126050 -60.172250 -22.524650
-29.126050 -60.172250 -12.524650
-29.126050 -60.172250 -2.524650
-29.126050 -60.172250 7.475350
-29.126050 -60.172250 17.475350
-29.126050 -60.172250 27.475350
-29.126050 -60.172250 37.475350
-29.126050 -60.172250 47.475350
-29.126050 -60.172250 57.475350
-29.126050 -60.172250 67.475350
-29.126050 -60.172250 77.475350
-29.126050 -60.172250 87.475350
-19.126050 -60.172250 -52.524650
-19.126050 -60.172250 -42.524650
-19.126050 -60.172250 -32.524650
-19.126050 -60.172250 -22.524650
-19.126050 -60.172250 -12.524650
-19.126050 -60.172250 -2.524650
-19.126050 -60.172250 7.475350
-19.126050 -60.172250 17.475350
-19.126050 -60.172250 27.475350
-19.126050 -60.172250 37.475350
-19.126050 -60.172250 47.475350
-19.126050 -60.172250 57.475350
-19.126050 -60.172250 67.475350
-19.126050 -60.172250 77.475350
-19.126050 -60.172250 87.475350
-9.126050 -60.172250 -52.524650
-9.126050 -60.172250 -42.524650
-9.126050 -60.172250 -32.524650
-9.126050 -60.172250 -22.524650
-9.126050 -60.172250 -12.524650
-9.126050 -60.172250 -2.524650
-9.126050 -60.172250 7.475350
-9.126050 -60.172250 17.475350
-9.126050 -60.172250 27.475350
-9.126050 -60.172250 37.475350
-9.126050 -60.172250 47.475350
-9.126050 -60.172250 57.475350
-9.126050 -60.172250 67.475350
-9.126050 -60.172250 77.475350
-9.126050 -60.172250 87.475350
0.873950 -60.172250 -52.524650
0.873950 -60.172250 -42.524650
0.873950 -60.172250 -32.524650
0.873950 -60.172250 -22.524650
0.873950 -60.172250 -12.524650
0.873950 -60.172250 -2.524650
0.873950 -60.172250 7.475350
0.873950 -60.172250 17.475350
0.873950 -60.172250 27.475350
0.873950 -60.172250 37.475350
0.873950 -60.172250 47.475350
0.873950 -60.172250 57.475350
0.873950 -60.172250 67.475350
0.873950 -60.172250 77.475350
0.873950 -60.172250 87.475350
10.873950 -60.172250 -52.524650
10.873950 -60.172250 -42.524650
10.873950 -60.172250 -32.524650
10.873950 -60.172250 -22.524650
10.873950 -60.172250 -12.524650
10.873950 -60.172250 -2.524650
10.873950 -60.172250 7.475350
10.873950 -60.172250 17.475350
10.873950 -60.172250 27.475350
10.873950 -60.172250 37.475350
10.873950 -60.172250 47.475350
10.873950 -60.172250 57.475350
10.873950 -60.172250 67.475350
10.873950 -60.172250 77.475350
10.873950 -60.172250 87.475350
20.873950 -60.172250 -52.524650
20.873950 -60.172250 -42.524650
20.873950 -60.172250 -32.524650
20.873950 -60.172250 -22.524650
20.873950 -60.172250 -12.524650
20.873950 -60.172250 -2.524650
20.873950 -60.172250 7.475350
20.873950 -60.172250 17.475350
20.873950 -60.172250 27.475350
20.873950 -60.172250 37.475350
20.873950 -60.172250 47.475350
20.873950 -60.172250 57.475350
20.873950 -60.172250 67.475350
20.873950 -60.172250 77.475350
20.873950 -60.172250 87.475350
30.873950 -60.172250 -52.524650
30.873950 -60.172250 -42.524650
30.873950 -60.172250 -32.524650
30.873950 -60.172250 -22.524650
30.873950 -60.172250 -12.524650
30.873950 -60.172250 -2.524650
30.873950 -60.172250 7.475350
30.873950 -60.172250 17.475350
30.873950 -60.172250 27.475350
30.873950 -60.172250 37.475350
30.873950 -60.172250 47.475350
30.873950 -60.172250 57.475350
30.873950 -60.172250 67.475350
30.873950 -60.172250 77.475350
30.873950 -60.172250 87.475350
40.873950 -60.172250 -52.524650
40.873950 -60.172250 -42.524650
40.873950 -60.172250 -32.524650
40.873950 -60.172250 -22.524650
40.873950 -60.172250 -12.524650
40.873950 -60.172250 -2.524650
40.873950 -60.172250 7.475350
40.873950 -60.172250 17.475350
40.873950 -60.172250 27.475350
40.873950 -60.172250 37.475350
40.873950 -60.172250 47.475350
40.873950 -60.172250 57.475350
40.873950 -60.172250 67.475350
40.873950 -60.172250 77.475350
40.873950 -60.172250 87.475350
50.873950 -60.172250 -52.524650
50.873950 -60.172250 -42.524650
50.873950 -60.172250 -32.524650
50.873950 -60.172250 -22.524650
50.873950 -60.172250 -12.524650
50.873950 -60.172250 -2.524650
50.873950 -60.172250 7.475350
50.873950 -60.172250 17.475350
50.873950 -60.172250 27.475350
50.873950 -60.172250 37.475350
50.873950 -60.172250 47.475350
50.873950 -60.172250 57.475350
50.873950 -60.172250 67.475350
50.873950 -60.172250 77.475350
50.873950 -60.172250 87.475350
60.873950 -60.172250 -52.524650
60.873950 -60.172250 -42.524650
60.873950 -60.172250 -32.524650
60.873950 -60.172250 -22.524650
60.873950 -60.172250 -12.524650
60.873950 -60.172250 -2.524650
60.873950 -60.172250 7.475350
60.873950 -60.172250 17.475350
60.873950 -60.172250 27.475350
60.873950 -60.172250 37.475350
60.873950 -60.172250 47.475350
60.873950 -60.172250 57.475350
60.873950 -60.172250 67.475350
60.873950 -60.172250 77.475350
60.873950 -60.172250 87.475350
-69.126050 -50.172250 -52.524650
-69.126050 -50.172250 -42.524650
-69.126050 -50.172250 -32.524650
-69.126050 -50.172250 -22.524650
-69.126050 -50.172250 -12.524650
-69.126050 -50.172250 -2.524650
-69.126050 -50.172250 7.475350
-69.126050 -50.172250 17.475350
-69.126050 -50.172250 27.475350
-69.126050 -50.172250 37.475350
-69.126050 -50.172250 47.475350
-69.126050 -50.172250 57.475350
-69.126050 -50.172250 67.475350
-69.126050 -50.172250 77.475350
-69.126050 -50.172250 87.475350
-59.126050 -50.172250 -52.524650
-59.126050 -50.172250 -42.524650
-59.126050 -50.172250 -32.524650
-59.126050 -50.172250 -22.524650
-59.126050 -50.172250 -12.524650
-59.126050 -50.172250 -2.524650
-59.126050 -50.172250 7.475350
-59.126050 -50.172250 17.475350
-59.126050 -50.172250 27.475350
-59.126050 -50.172250 37.475350
-59.126050 -50.172250 47.475350
-59.126050 -50.172250 57.475350
-59.126050 -50.172250 67.475350
-59.126050 -50.172250 77.475350
-59.126050 -50.172250 87.475350
-49.126050 -50.172250 -52.524650
-49.126050 -50.172250 -42.524650
-49.126050 -50.172250 -32.524650
-49.126050 -50.172250 -22.524650
-49.126050 -50.172250 -12.524650
-49.126050 -50.172250 -2.524650
-49.126050 -50.172250 7.475350
-49.126050 -50.172250 17.475350
-49.126050 -50.172250 27.475350
-49.126050 -50.172250 37.475350
-49.126050 -50.172250 47.475350
-49.126050 -50.172250 57.475350
-49.126050 -50.172250 67.475350
-49.126050 -50.172250 77.475350
-49.126050 -50.172250 87.475350
-39.126050 -50.172250 -52.524650
-39.126050 -50.172250 -42.524650
-39.126050 -50.172250 -32.524650
-39.126050 -50.172250 -22.524650
-39.126050 -50.172250 -12.524650
-39.126050 -50.172250 -2.524650
-39.126050 -50.172250 7.475350
-39.126050 -50.172250 17.475350
-39.126050 -50.172250 27.475350
-39.126050 -50.172250 37.475350
-39.126050 -50.172250 47.475350
-39.126050 -50.172250 57.475350
-39.126050 -50.172250 67.475350
-39.126050 -50.172250 77.475350
-39.126050 -50.172250 87.475350
-29.126050 -50.172250 -52.524650
-29.126050 -50.172250 -42.524650
-29.126050 -50.172250 -32.524650
-29.126050 -50.172250 -22.524650
-29.126050 -50.172250 -12.524650
-29.126050 -50.172250 -2.524650
-29.126050 -50.172250 7.475350
-29.126050 -50.172250 17.475350
-29.126050 -50.172250 27.475350
-29.126050 -50.172250 37.475350
-29.126050 -50.172250 47.475350
-29.126050 -50.172250 57.475350
-29.126050 -50.172250 67.475350
-29.126050 -50.172250 77.475350
-29.126050 -50.172250 87.475350
-19.126050 -50.172250 -52.524650
-19.126050 -50.172250 -42.524650
-19.126050 -50.172250 -32.524650
-19.126050 -50.172250 -22.524650
-19.126050 -50.172250 -12.524650
-19.126050 -50.172250 -2.524650
-19.126050 -50.172250 7.475350
-19.126050 -50.172250 17.475350
-19.126050 -50.172250 27.475350
-19.126050 -50.172250 37.475350
-19.126050 -50.172250 47.475350
-19.126050 -50.172250 57.475350
-19.126050 -50.172250 67.475350
-19.126050 -50.172250 77.475350
-19.126050 -50.172250 87.475350
-9.126050 -50.172250 -52.524650
-9.126050 -50.172250 -42.524650
-9.126050 -50.172250 -32.524650
-9.126050 -50.172250 -22.524650
-9.126050 -50.172250 -12.524650
-9.126050 -50.172250 -2.524650
-9.126050 -50.172250 7.475350
-9.126050 -50.172250 17.475350
-9.126050 -50.172250 27.475350
-9.126050 -50.172250 37.475350
-9.126050 -50.172250 47.475350
-9.126050 -50.172250 57.475350
-9.126050 -50.172250 67.475350
-9.126050 -50.172250 77.475350
-9.126050 -50.172250 87.475350
0.873950 -50.172250 -52.524650
0.873950 -50.172250 -42.524650
0.873950 -50.172250 -32.524650
0.873950 -50.172250 -22.524650
0.873950 -50.172250 -12.524650
0.873950 -50.172250 -2.524650
0.873950 -50.172250 7.475350
0.873950 -50.172250 17.475350
0.873950 -50.172250 27.475350
0.873950 -50.172250 37.475350
0.873950 -50.172250 47.475350
0.873950 -50.172250 57.475350
0.873950 -50.172250 67.475350
0.873950 -50.172250 77.475350
0.873950 -50.172250 87.475350
10.873950 -50.172250 -52.524650
10.873950 -50.172250 -42.524650
10.873950 -50.172250 -32.524650
10.873950 -50.172250 -22.524650
10.873950 -50.172250 -12.524650
10.873950 -50.172250 -2.524650
10.873950 -50.172250 7.475350
10.873950 -50.172250 17.475350
10.873950 -50.172250 27.475350
10.873950 -50.172250 37.475350
10.873950 -50.172250 47.475350
10.873950 -50.172250 57.475350
10.873950 -50.172250 67.475350
10.873950 -50.172250 77.475350
10.873950 -50.172250 87.475350
20.873950 -50.172250 -52.524650
20.873950 -50.172250 -42.524650
20.873950 -50.172250 -32.524650
20.873950 -50.172250 -22.524650
20.873950 -50.172250 -12.524650
20.873950 -50.172250 -2.524650
20.873950 -50.172250 7.475350
20.873950 -50.172250 17.475350
20.873950 -50.172250 27.475350
20.873950 -50.172250 37.475350
20.873950 -50.172250 47.475350
20.873950 -50.172250 57.475350
20.873950 -50.172250 67.475350
20.873950 -50.172250 77.475350
20.873950 -50.172250 87.475350
30.873950 -50.172250 -52.524650
30.873950 -50.172250 -42.524650
30.873950 -50.172250 -32.524650
30.873950 -50.172250 -22.524650
30.873950 -50.172250 -12.524650
30.873950 -50.172250 -2.524650
30.873950 -50.172250 7.475350
30.873950 -50.172250 17.475350
30.873950 -50.172250 27.475350
30.873950 -50.172250 37.475350
30.873950 -50.172250 47.475350
30.873950 -50.172250 57.475350
30.873950 -50.172250 67.475350
30.873950 -50.172250 77.475350
30.873950 -50.172250 87.475350
40.873950 -50.172250 -52.524650
40.873950 -50.172250 -42.524650
40.873950 -50.172250 -32.524650
40.873950 -50.172250 -22.524650
40.873950 -50.172250 -12.524650
40.873950 -50.172250 -2.524650
40.873950 -50.172250 7.475350
40.873950 -50.172250 17.475350
40.873950 -50.172250 27.475350
40.873950 -50.172250 37.475350
40.873950 -50.172250 47.475350
40.873950 -50.172250 57.475350
40.873950 -50.172250 67.475350
40.873950 -50.172250 77.475350
40.873950 -50.172250 87.475350
50.873950 -50.172250 -52.524650
50.873950 -50.172250 -42.524650
50.873950 -50.172250 -32.524650
50.873950 -50.172250 -22.524650
50.873950 -50.172250 -12.524650
50.873950 -50.172250 -2.524650
50.873950 -50.172250 7.475350
50.873950 -50.172250 17.475350
50.873950 -50.172250 27.475350
50.873950 -50.172250 37.475350
50.873950 -50.172250 47.475350
50.873950 -50.172250 57.475350
50.873950 -50.172250 67.475350
50.873950 -50.172250 77.475350
50.873950 -50.172250 87.475350
60.873950 -50.172250 -52.524650
60.873950 -50.172250 -42.524650
60.873950 -50.172250 -32.524650
60.873950 -50.172250 -22.524650
60.873950 -50.172250 -12.524650
60.873950 -50.172250 -2.524650
60.873950 -50.172250 7.475350
60.873950 -50.172250 17.475350
60.873950 -50.172250 27.475350
60.873950 -50.172250 37.475350
60.873950 -50.172250 47.475350
60.873950 -50.172250 57.475350
60.873950 -50.172250 67.475350
60.873950 -50.172250 77.475350
60.873950 -50.172250 87.475350
-69.126050 -40.172250 -52.524650
-69.126050 -40.172250 -42.524650
-69.126050 -40.172250 -32.524650
-69.126050 -40.172250 -22.524650
-69.126050 -40.172250 -12.524650
-69.126050 -40.172250 -2.524650
-69.126050 -40.172250 7.475350
-69.126050 -40.172250 17.475350
-69.126050 -40.172250 27.475350
-69.126050 -40.172250 37.475350
-69.126050 -40.172250 47.475350
-69.126050 -40.172250 57.475350
-69.126050 -40.172250 67.475350
-69.126050 -40.172250 77.475350
-69.126050 -40.172250 87.475350
-59.126050 -40.172250 -52.524650
-59.126050 -40.172250 -42.524650
-59.126050 -40.172250 -32.524650
-59.126050 -40.172250 -22.524650
-59.126050 -40.172250 -12.524650
-59.126050 -40.172250 -2.524650
-59.126050 -40.172250 7.475350
-59.126050 -40.172250 17.475350
-59.126050 -40.172250 27.475350
-59.126050 -40.172250 37.475350
-59.126050 -40.172250 47.475350
-59.126050 -40.172250 57.475350
-59.126050 -40.172250 67.475350
-59.126050 -40.172250 77.475350
-59.126050 -40.172250 87.475350
-49.126050 -40.172250 -52.524650
-49.126050 -40.172250 -42.524650
-49.126050 -40.172250 -32.524650
-49.126050 -40.172250 -22.524650
-49.126050 -40.172250 -12.524650
-49.126050 -40.172250 -2.524650
-49.126050 -40.172250 7.475350
-49.126050 -40.172250 17.475350
-49.126050 -40.172250 27.475350
-49.126050 -40.172250 37.475350
-49.126050 -40.172250 47.475350
-49.126050 -40.172250 57.475350
-49.126050 -40.172250 67.475350
-49.126050 -40.172250 77.475350
-49.126050 -40.172250 87.475350
-39.126050 -40.172250 -52.524650
-39.126050 -40.172250 -42.524650
-39.126050 -40.172250 -32.524650
-39.126050 -40.172250 -22.524650
-39.126050 -40.172250 -12.524650
-39.126050 -40.172250 -2.524650
-39.126050 -40.172250 7.475350
-39.126050 -40.172250 17.475350
-39.126050 -40.172250 27.475350
-39.126050 -40.172250 37.475350
-39.126050 -40.172250 47.475350
-39.126050 -40.172250 57.475350
-39.126050 -40.172250 67.475350
-39.126050 -40.172250 77.475350
-39.126050 -40.172250 87.475350
-29.126050 -40.172250 -52.524650
-29.126050 -40.172250 -42.524650
-29.126050 -40.172250 -32.524650
-29.126050 -40.172250 -22.524650
-29.126050 -40.172250 -12.524650
-29.126050 -40.172250 -2.524650
-29.126050 -40.172250 7.475350
-29.126050 -40.172250 17.475350
-29.126050 -40.172250 27.475350
-29.126050 -40.172250 37.475350
-29.126050 -40.172250 47.475350
-29.126050 -40.172250 57.475350
-29.126050 -40.172250 67.475350
-29.126050 -40.172250 77.475350
-29.126050 -40.172250 87.475350
-19.126050 -40.172250 -52.524650
-19.126050 -40.172250 -42.524650
-19.126050 -40.172250 -32.524650
-19.126050 -40.172250 -22.524650
-19.126050 -40.172250 -12.524650
-19.126050 -40.172250 -2.524650
-19.126050 -40.172250 7.475350
-19.126050 -40.172250 17.475350
-19.126050 -40.172250 27.475350
-19.126050 -40.172250 37.475350
-19.126050 -40.172250 47.475350
-19.126050 -40.172250 57.475350
-19.126050 -40.172250 67.475350
-19.126050 -40.172250 77.475350
-19.126050 -40.172250 87.475350
-9.126050 -40.172250 -52.524650
-9.126050 -40.172250 -42.524650
-9.126050 -40.172250 -32.524650
-9.126050 -40.172250 -22.524650
-9.126050 -40.172250 -12.524650
-9.126050 -40.172250 -2.524650
-9.126050 -40.172250 7.475350
-9.126050 -40.172250 17.475350
-9.126050 -40.172250 27.475350
-9.126050 -40.172250 37.475350
-9.126050 -40.172250 47.475350
-9.126050 -40.172250 57.475350
-9.126050 -40.172250 67.475350
-9.126050 -40.172250 77.475350
-9.126050 -40.172250 87.475350
0.873950 -40.172250 -52.524650
0.873950 -40.172250 -42.524650
0.873950 -40.172250 -32.524650
0.873950 -40.172250 -22.524650
0.873950 -40.172250 -12.524650
0.873950 -40.172250 -2.524650
0.873950 -40.172250 7.475350
0.873950 -40.172250 17.475350
0.873950 -40.172250 27.475350
0.873950 -40.172250 37.475350
0.873950 -40.172250 47.475350
0.873950 -40.172250 57.475350
0.873950 -40.172250 67.475350
0.873950 -40.172250 77.475350
0.873950 -40.172250 87.475350
10.873950 -40.172250 -52.524650
10.873950 -40.172250 -42.524650
10.873950 -40.172250 -32.524650
10.873950 -40.172250 -22.524650
10.873950 -40.172250 -12.524650
10.873950 -40.172250 -2.524650
10.873950 -40.172250 7.475350
10.873950 -40.172250 17.475350
10.873950 -40.172250 27.475350
10.873950 -40.172250 37.475350
10.873950 -40.172250 47.475350
10.873950 -40.172250 57.475350
10.873950 -40.172250 67.475350
10.873950 -40.172250 77.475350
10.873950 -40.172250 87.475350
20.873950 -40.172250 -52.524650
20.873950 -40.172250 -42.524650
20.873950 -40.172250 -32.524650
20.873950 -40.172250 -22.524650
20.873950 -40.172250 -12.524650
20.873950 -40.172250 -2.524650
20.873950 -40.172250 7.475350
20.873950 -40.172250 17.475350
20.873950 -40.172250 27.475350
20.873950 -40.172250 37.475350
20.873950 -40.172250 47.475350
20.873950 -40.172250 57.475350
20.873950 -40.172250 67.475350
20.873950 -40.172250 77.475350
20.873950 -40.172250 87.475350
30.873950 -40.172250 -52.524650
30.873950 -40.172250 -42.524650
30.873950 -40.172250 -32.524650
30.873950 -40.172250 -22.524650
30.873950 -40.172250 -12.524650
30.873950 -40.172250 -2.524650
30.873950 -40.172250 7.475350
30.873950 -40.172250 17.475350
30.873950 -40.172250 27.475350
30.873950 -40.172250 37.475350
30.873950 -40.172250 47.475350
30.873950 -40.172250 57.475350
30.873950 -40.172250 67.475350
30.873950 -40.172250 77.475350
30.873950 -40.172250 87.475350
40.873950 -40.172250 -52.524650
40.873950 -40.172250 -42.524650
40.873950 -40.172250 -32.524650
40.873950 -40.172250 -22.524650
40.873950 -40.172250 -12.524650
40.873950 -40.172250 -2.524650
40.873950 -40.172250 7.475350
40.873950 -40.172250 17.475350
40.873950 -40.172250 27.475350
40.873950 -40.172250 37.475350
40.873950 -40.172250 47.475350
40.873950 -40.172250 57.475350
40.873950 -40.172250 67.475350
40.873950 -40.172250 77.475350
40.873950 -40.172250 87.475350
50.873950 -40.172250 -52.524650
50.873950 -40.172250 -42.524650
50.873950 -40.172250 -32.524650
50.873950 -40.172250 -22.524650
50.873950 -40.172250 -12.524650
50.873950 -40.172250 -2.524650
50.873950 -40.172250 7.475350
50.873950 -40.172250 17.475350
50.873950 -40.172250 27.475350
50.873950 -40.172250 37.475350
50.873950 -40.172250 47.475350
50.873950 -40.172250 57.475350
50.873950 -40.172250 67.475350
50.873950 -40.172250 77.475350
50.873950 -40.172250 87.475350
60.873950 -40.172250 -52.524650
60.873950 -40.172250 -42.524650
60.873950 -40.172250 -32.524650
60.873950 -40.172250 -22.524650
60.873950 -40.172250 -12.524650
60.873950 -40.172250 -2.524650
60.873950 -40.172250 7.475350
60.873950 -40.172250 17.475350
60.873950 -40.172250 27.475350
60.873950 -40.172250 37.475350
60.873950 -40.172250 47.475350
60.873950 -40.172250 57.475350
60.873950 -40.172250 67.475350
60.873950 -40.172250 77.475350
60.873950 -40.172250 87.475350
-69.126050 -30.172250 -52.524650
-69.126050 -30.172250 -42.524650
-69.126050 -30.172250 -32.524650
-69.126050 -30.172250 -22.524650
-69.126050 -30.172250 -12.524650
-69.126050 -30.172250 -2.524650
-69.126050 -30.172250 7.475350
-69.126050 -30.172250 17.475350
-69.126050 -30.172250 27.475350
-69.126050 -30.172250 37.475350
-69.126050 -30.172250 47.475350
-69.126050 -30.172250 57.475350
-69.126050 -30.172250 67.475350
-69.126050 -30.172250 77.475350
-69.126050 -30.172250 87.475350
-59.126050 -30.172250 -52.524650
-59.126050 -30.172250 -42.524650
-59.126050 -30.172250 -32.524650
-59.126050 -30.172250 -22.524650
-59.126050 -30.172250 -12.524650
-59.126050 -30.172250 -2.524650
-59.126050 -30.172250 7.475350
-59.126050 -30.172250 17.475350
-59.126050 -30.172250 27.475350
-59.126050 -30.172250 37.475350
-59.126050 -30.172250 47.475350
-59.126050 -30.172250 57.475350
-59.126050 -30.172250 67.475350
-59.126050 -30.172250 77.475350
-59.126050 -30.172250 87.475350
-49.126050 -30.172250 -52.524650
-49.126050 -30.172250 -42.524650
-49.126050 -30.172250 -32.524650
-49.126050 -30.172250 -22.524650
-49.126050 -30.172250 -12.524650
-49.126050 -30.172250 -2.524650
-49.126050 -30.172250 7.475350
-49.126050 -30.172250 17.475350
-49.126050 -30.172250 27.475350
-49.126050 -30.172250 37.475350
-49.126050 -30.172250 47.475350
-49.126050 -30.172250 57.475350
-49.126050 -30.172250 67.475350
-49.126050 -30.172250 77.475350
-49.126050 -30.172250 87.475350
-39.126050 -30.172250 -52.524650
-39.126050 -30.172250 -42.524650
-39.126050 -30.172250 -32.524650
-39.126050 -30.172250 -22.524650
-39.126050 -30.172250 -12.524650
-39.126050 -30.172250 -2.524650
-39.126050 -30.172250 7.475350
-39.126050 -30.172250 17.475350
-39.126050 -30.172250 27.475350
-39.126050 -30.172250 37.475350
-39.126050 -30.172250 47.475350
-39.126050 -30.172250 57.475350
-39.126050 -30.172250 67.475350
-39.126050 -30.172250 77.475350
-39.126050 -30.172250 87.475350
-29.126050 -30.172250 -52.524650
-29.126050 -30.172250 -42.524650
-29.126050 -30.172250 -32.524650
-29.126050 -30.172250 -22.524650
-29.126050 -30.172250 -12.524650
-29.126050 -30.172250 -2.524650
-29.126050 -30.172250 7.475350
-29.126050 -30.172250 17.475350
-29.126050 -30.172250 27.475350
-29.126050 -30.172250 37.475350
-29.126050 -30.172250 47.475350
-29.126050 -30.172250 57.475350
-29.126050 -30.172250 67.475350
-29.126050 -30.172250 77.475350
-29.126050 -30.172250 87.475350
-19.126050 -30.172250 -52.524650
-19.126050 -30.172250 -42.524650
-19.126050 -30.172250 -32.524650
-19.126050 -30.172250 -22.524650
-19.126050 -30.172250 -12.524650
-19.126050 -30.172250 -2.524650
-19.126050 -30.172250 7.475350
-19.126050 -30.172250 17.475350
-19.126050 -30.172250 27.475350
-19.126050 -30.172250 37.475350
-19.126050 -30.172250 47.475350
-19.126050 -30.172250 57.475350
-19.126050 -30.172250 67.475350
-19.126050 -30.172250 77.475350
-19.126050 -30.172250 87.475350
-9.126050 -30.172250 -52.524650
-9.126050 -30.172250 -42.524650
-9.126050 -30.172250 -32.524650
-9.126050 -30.172250 -22.524650
-9.126050 -30.172250 -12.524650
-9.126050 -30.172250 -2.524650
-9.126050 -30.172250 7.475350
-9.126050 -30.172250 17.475350
-9.126050 -30.172250 27.475350
-9.126050 -30.172250 37.475350
-9.126050 -30.172250 47.475350
-9.126050 -30.172250 57.475350
-9.126050 -30.172250 67.475350
-9.126050 -30.172250 77.475350
-9.126050 -30.172250 87.475350
0.873950 -30.172250 -52.524650
0.873950 -30.172250 -42.524650
0.873950 -30.172250 -32.524650
0.873950 -30.172250 -22.524650
0.873950 -30.172250 -12.524650
0.873950 -30.172250 -2.524650
0.873950 -30.172250 7.475350
0.873950 -30.172250 17.475350
0.873950 -30.172250 27.475350
0.873950 -30.172250 37.475350
0.873950 -30.172250 47.475350
0.873950 -30.172250 57.475350
0.873950 -30.172250 67.475350
0.873950 -30.172250 77.475350
0.873950 -30.172250 87.475350
10.873950 -30.172250 -52.524650
10.873950 -30.172250 -42.524650
10.873950 -30.172250 -32.524650
10.873950 -30.172250 -22.524650
10.873950 -30.172250 -12.524650
10.873950 -30.172250 -2.524650
10.873950 -30.172250 7.475350
10.873950 -30.172250 17.475350
10.873950 -30.172250 27.475350
10.873950 -30.172250 37.475350
10.873950 -30.172250 47.475350
10.873950 -30.172250 57.475350
10.873950 -30.172250 67.475350
10.873950 -30.172250 77.475350
10.873950 -30.172250 87.475350
20.873950 -30.172250 -52.524650
20.873950 -30.172250 -42.524650
20.873950 -30.172250 -32.524650
20.873950 -30.172250 -22.524650
20.873950 -30.172250 -12.524650
20.873950 -30.172250 -2.524650
20.873950 -30.172250 7.475350
20.873950 -30.172250 17.475350
20.873950 -30.172250 27.475350
20.873950 -30.172250 37.475350
20.873950 -30.172250 47.475350
20.873950 -30.172250 57.475350
20.873950 -30.172250 67.475350
20.873950 -30.172250 77.475350
20.873950 -30.172250 87.475350
30.873950 -30.172250 -52.524650
30.873950 -30.172250 -42.524650
30.873950 -30.172250 -32.524650
30.873950 -30.172250 -22.524650
30.873950 -30.172250 -12.524650
30.873950 -30.172250 -2.524650
30.873950 -30.172250 7.475350
30.873950 -30.172250 17.475350
30.873950 -30.172250 27.475350
30.873950 -30.172250 37.475350
30.873950 -30.172250 47.475350
30.873950 -30.172250 57.475350
30.873950 -30.172250 67.475350
30.873950 -30.172250 77.475350
30.873950 -30.172250 87.475350
40.873950 -30.172250 -52.524650
40.873950 -30.172250 -42.524650
40.873950 -30.172250 -32.524650
40.873950 -30.172250 -22.524650
40.873950 -30.172250 -12.524650
40.873950 -30.172250 -2.524650
40.873950 -30.172250 7.475350
40.873950 -30.172250 17.475350
40.873950 -30.172250 27.475350
40.873950 -30.172250 37.475350
40.873950 -30.172250 47.475350
40.873950 -30.172250 57.475350
40.873950 -30.172250 67.475350
40.873950 -30.172250 77.475350
40.873950 -30.172250 87.475350
50.873950 -30.172250 -52.524650
50.873950 -30.172250 -42.524650
50.873950 -30.172250 -32.524650
50.873950 -30.172250 -22.524650
50.873950 -30.172250 -12.524650
50.873950 -30.172250 -2.524650
50.873950 -30.172250 7.475350
50.873950 -30.172250 17.475350
50.873950 -30.172250 27.475350
50.873950 -30.172250 37.475350
50.873950 -30.172250 47.475350
50.873950 -30.172250 57.475350
50.873950 -30.172250 67.475350
50.873950 -30.172250 77.475350
50.873950 -30.172250 87.475350
60.873950 -30.172250 -52.524650
60.873950 -30.172250 -42.524650
60.873950 -30.172250 -32.524650
60.873950 -30.172250 -22.524650
60.873950 -30.172250 -12.524650
60.873950 -30.172250 -2.524650
60.873950 -30.172250 7.475350
60.873950 -30.172250 17.475350
60.873950 -30.172250 27.475350
60.873950 -30.172250 37.475350
60.873950 -30.172250 47.475350
60.873950 -30.172250 57.475350
60.873950 -30.172250 67.475350
60.873950 -30.172250 77.475350
60.873950 -30.172250 87.475350
-69.126050 -20.172250 -52.524650
-69.126050 -20.172250 -42.524650
-69.126050 -20.172250 -32.524650
-69.126050 -20.172250 -22.524650
-69.126050 -20.172250 -12.524650
-69.126050 -20.172250 -2.524650
-69.126050 -20.172250 7.475350
-69.126050 -20.172250 17.475350
-69.126050 -20.172250 27.475350
-69.126050 -20.172250 37.475350
-69.126050 -20.172250 47.475350
-69.126050 -20.172250 57.475350
-69.126050 -20.172250 67.475350
-69.126050 -20.172250 77.475350
-69.126050 -20.172250 87.475350
-59.126050 -20.172250 -52.524650
-59.126050 -20.172250 -42.524650
-59.126050 -20.172250 -32.524650
-59.126050 -20.172250 -22.524650
-59.126050 -20.172250 -12.524650
-59.126050 -20.172250 -2.524650
-59.126050 -20.172250 7.475350
-59.126050 -20.172250 17.475350
-59.126050 -20.172250 27.475350
-59.126050 -20.172250 37.475350
-59.126050 -20.172250 47.475350
-59.126050 -20.172250 57.475350
-59.126050 -20.172250 67.475350
-59.126050 -20.172250 77.475350
-59.126050 -20.172250 87.475350
-49.126050 -20.172250 -52.524650
-49.126050 -20.172250 -42.524650
-49.126050 -20.172250 -32.524650
-49.126050 -20.172250 -22.524650
-49.126050 -20.172250 -12.524650
-49.126050 -20.172250 -2.524650
-49.126050 -20.172250 7.475350
-49.126050 -20.172250 17.475350
-49.126050 -20.172250 27.475350
-49.126050 -20.172250 37.475350
-49.126050 -20.172250 47.475350
-49.126050 -20.172250 57.475350
-49.126050 -20.172250 67.475350
-49.126050 -20.172250 77.475350
-49.126050 -20.172250 87.475350
-39.126050 -20.172250 -52.524650
-39.126050 -20.172250 -42.524650
-39.126050 -20.172250 -32.524650
-39.126050 -20.172250 -22.524650
-39.126050 -20.172250 -12.524650
-39.126050 -20.172250 -2.524650
-39.126050 -20.172250 7.475350
-39.126050 -20.172250 17.475350
-39.126050 -20.172250 27.475350
-39.126050 -20.172250 37.475350
-39.126050 -20.172250 47.475350
-39.126050 -20.172250 57.475350
-39.126050 -20.172250 67.475350
-39.126050 -20.172250 77.475350
-39.126050 -20.172250 87.475350
-29.126050 -20.172250 -52.524650
-29.126050 -20.172250 -42.524650
-29.126050 -20.172250 -32.524650
-29.126050 -20.172250 -22.524650
-29.126050 -20.172250 -12.524650
-29.126050 -20.172250 -2.524650
-29.126050 -20.172250 7.475350
-29.126050 -20.172250 17.475350
-29.126050 -20.172250 27.475350
-29.126050 -20.172250 37.475350
-29.126050 -20.172250 47.475350
-29.126050 -20.172250 57.475350
-29.126050 -20.172250 67.475350
-29.126050 -20.172250 77.475350
-29.126050 -20.172250 87.475350
-19.126050 -20.172250 -52.524650
-19.126050 -20.172250 -42.524650
-19.126050 -20.172250 -32.524650
-19.126050 -20.172250 -22.524650
-19.126050 -20.172250 -12.524650
-19.126050 -20.172250 -2.524650
-19.126050 -20.172250 7.475350
-19.126050 -20.172250 17.475350
-19.126050 -20.172250 27.475350
-19.126050 -20.172250 37.475350
-19.126050 -20.172250 47.475350
-19.126050 -20.172250 57.475350
-19.126050 -20.172250 67.475350
-19.126050 -20.172250 77.475350
-19.126050 -20.172250 87.475350
-9.126050 -20.172250 -52.524650
-9.126050 -20.172250 -42.524650
-9.126050 -20.172250 -32.524650
-9.126050 -20.172250 -22.524650
-9.126050 -20.172250 -12.524650
-9.126050 -20.172250 -2.524650
-9.126050 -20.172250 7.475350
-9.126050 -20.172250 17.475350
-9.126050 -20.172250 27.475350
-9.126050 -20.172250 37.475350
-9.126050 -20.172250 47.475350
-9.126050 -20.172250 57.475350
-9.126050 -20.172250 67.475350
-9.126050 -20.172250 77.475350
-9.126050 -20.172250 87.475350
0.873950 -20.172250 -52.524650
0.873950 -20.172250 -42.524650
0.873950 -20.172250 -32.524650
0.873950 -20.172250 -22.524650
0.873950 -20.172250 -12.524650
0.873950 -20.172250 -2.524650
0.873950 -20.172250 7.475350
0.873950 -20.172250 17.475350
0.873950 -20.172250 27.475350
0.873950 -20.172250 37.475350
0.873950 -20.172250 47.475350
0.873950 -20.172250 57.475350
0.873950 -20.172250 67.475350
0.873950 -20.172250 77.475350
0.873950 -20.172250 87.475350
10.873950 -20.172250 -52.524650
10.873950 -20.172250 -42.524650
10.873950 -20.172250 -32.524650
10.873950 -20.172250 -22.524650
10.873950 -20.172250 -12.524650
10.873950 -20.172250 -2.524650
10.873950 -20.172250 7.475350
10.873950 -20.172250 17.475350
10.873950 -20.172250 27.475350
10.873950 -20.172250 37.475350
10.873950 -20.172250 47.475350
10.873950 -20.172250 57.475350
10.873950 -20.172250 67.475350
10.873950 -20.172250 77.475350
10.873950 -20.172250 87.475350
20.873950 -20.172250 -52.524650
20.873950 -20.172250 -42.524650
20.873950 -20.172250 -32.524650
20.873950 -20.172250 -22.524650
20.873950 -20.172250 -12.524650
20.873950 -20.172250 -2.524650
20.873950 -20.172250 7.475350
20.873950 -20.172250 17.475350
20.873950 -20.172250 27.475350
20.873950 -20.172250 37.475350
20.873950 -20.172250 47.475350
20.873950 -20.172250 57.475350
20.873950 -20.172250 67.475350
20.873950 -20.172250 77.475350
20.873950 -20.172250 87.475350
30.873950 -20.172250 -52.524650
30.873950 -20.172250 -42.524650
30.873950 -20.172250 -32.524650
30.873950 -20.172250 -22.524650
30.873950 -20.172250 -12.524650
30.873950 -20.172250 -2.524650
30.873950 -20.172250 7.475350
30.873950 -20.172250 17.475350
30.873950 -20.172250 27.475350
30.873950 -20.172250 37.475350
30.873950 -20.172250 47.475350
30.873950 -20.172250 57.475350
30.873950 -20.172250 67.475350
30.873950 -20.172250 77.475350
30.873950 -20.172250 87.475350
40.873950 -20.172250 -52.524650
40.873950 -20.172250 -42.524650
40.873950 -20.172250 -32.524650
40.873950 -20.172250 -22.524650
40.873950 -20.172250 -12.524650
40.873950 -20.172250 -2.524650
40.873950 -20.172250 7.475350
40.873950 -20.172250 17.475350
40.873950 -20.172250 27.475350
40.873950 -20.172250 37.475350
40.873950 -20.172250 47.475350
40.873950 -20.172250 57.475350
40.873950 -20.172250 67.475350
40.873950 -20.172250 77.475350
40.873950 -20.172250 87.475350
50.873950 -20.172250 -52.524650
50.873950 -20.172250 -42.524650
50.873950 -20.172250 -32.524650
50.873950 -20.172250 -22.524650
50.873950 -20.172250 -12.524650
50.873950 -20.172250 -2.524650
50.873950 -20.172250 7.475350
50.873950 -20.172250 17.475350
50.873950 -20.172250 27.475350
50.873950 -20.172250 37.475350
50.873950 -20.172250 47.475350
50.873950 -20.172250 57.475350
50.873950 -20.172250 67.475350
50.873950 -20.172250 77.475350
50.873950 -20.172250 87.475350
60.873950 -20.172250 -52.524650
60.873950 -20.172250 -42.524650
60.873950 -20.172250 -32.524650
60.873950 -20.172250 -22.524650
60.873950 -20.172250 -12.524650
60.873950 -20.172250 -2.524650
60.873950 -20.172250 7.475350
60.873950 -20.172250 17.475350
60.873950 -20.172250 27.475350
60.873950 -20.172250 37.475350
60.873950 -20.172250 47.475350
60.873950 -20.172250 57.475350
60.873950 -20.172250 67.475350
60.873950 -20.172250 77.475350
60.873950 -20.172250 87.475350
-69.126050 -10.172250 -52.524650
-69.126050 -10.172250 -42.524650
-69.126050 -10.172250 -32.524650
-69.126050 -10.172250 -22.524650
-69.126050 -10.172250 -12.524650
-69.126050 -10.172250 -2.524650
-69.126050 -10.172250 7.475350
-69.126050 -10.172250 17.475350
-69.126050 -10.172250 27.475350
-69.126050 -10.172250 37.475350
-69.126050 -10.172250 47.475350
-69.126050 -10.172250 57.475350
-69.126050 -10.172250 67.475350
-69.126050 -10.172250 77.475350
-69.126050 -10.172250 87.475350
-59.126050 -10.172250 -52.524650
-59.126050 -10.172250 -42.524650
-59.126050 -10.172250 -32.524650
-59.126050 -10.172250 -22.524650
-59.126050 -10.172250 -12.524650
-59.126050 -10.172250 -2.524650
-59.126050 -10.172250 7.475350
-59.126050 -10.172250 17.475350
-59.126050 -10.172250 27.475350
-59.126050 -10.172250 37.475350
-59.126050 -10.172250 47.475350
-59.126050 -10.172250 57.475350
-59.126050 -10.172250 67.475350
-59.126050 -10.172250 77.475350
-59.126050 -10.172250 87.475350
-49.126050 -10.172250 -52.524650
-49.126050 -10.172250 -42.524650
-49.126050 -10.172250 -32.524650
-49.126050 -10.172250 -22.524650
-49.126050 -10.172250 -12.524650
-49.126050 -10.172250 -2.524650
-49.126050 -10.172250 7.475350
-49.126050 -10.172250 17.475350
-49.126050 -10.172250 27.475350
-49.126050 -10.172250 37.475350
-49.126050 -10.172250 47.475350
-49.126050 -10.172250 57.475350
-49.126050 -10.172250 67.475350
-49.126050 -10.172250 77.475350
-49.126050 -10.172250 87.475350
-39.126050 -10.172250 -52.524650
-39.126050 -10.172250 -42.524650
-39.126050 -10.172250 -32.524650
-39.126050 -10.172250 -22.524650
-39.126050 -10.172250 -12.524650
-39.126050 -10.172250 -2.524650
-39.126050 -10.172250 7.475350
-39.126050 -10.172250 17.475350
-39.126050 -10.172250 27.475350
-39.126050 -10.172250 37.475350
-39.126050 -10.172250 47.475350
-39.126050 -10.172250 57.475350
-39.126050 -10.172250 67.475350
-39.126050 -10.172250 77.475350
-39.126050 -10.172250 87.475350
-29.126050 -10.172250 -52.524650
-29.126050 -10.172250 -42.524650
-29.126050 -10.172250 -32.524650
-29.126050 -10.172250 -22.524650
-29.126050 -10.172250 -12.524650
-29.126050 -10.172250 -2.524650
-29.126050 -10.172250 7.475350
-29.126050 -10.172250 17.475350
-29.126050 -10.172250 27.475350
-29.126050 -10.172250 37.475350
-29.126050 -10.172250 47.475350
-29.126050 -10.172250 57.475350
-29.126050 -10.172250 67.475350
-29.126050 -10.172250 77.475350
-29.126050 -10.172250 87.475350
-19.126050 -10.172250 -52.524650
-19.126050 -10.172250 -42.524650
-19.126050 -10.172250 -32.524650
-19.126050 -10.172250 -22.524650
-19.126050 -10.172250 -12.524650
-19.126050 -10.172250 -2.524650
-19.126050 -10.172250 7.475350
-19.126050 -10.172250 17.475350
-19.126050 -10.172250 27.475350
-19.126050 -10.172250 37.475350
-19.126050 -10.172250 47.475350
-19.126050 -10.172250 57.475350
-19.126050 -10.172250 67.475350
-19.126050 -10.172250 77.475350
-19.126050 -10.172250 87.475350
-9.126050 -10.172250 -52.524650
-9.126050 -10.172250 -42.524650
-9.126050 -10.172250 -32.524650
-9.126050 -10.172250 -22.524650
-9.126050 -10.172250 -12.524650
-9.126050 -10.172250 -2.524650
-9.126050 -10.172250 7.475350
-9.126050 -10.172250 17.475350
-9.126050 -10.172250 27.475350
-9.126050 -10.172250 37.475350
-9.126050 -10.172250 47.475350
-9.126050 -10.172250 57.475350
-9.126050 -10.172250 67.475350
-9.126050 -10.172250 77.475350
-9.126050 -10.172250 87.475350
0.873950 -10.172250 -52.524650
0.873950 -10.172250 -42.524650
0.873950 -10.172250 -32.524650
0.873950 -10.172250 -22.524650
0.873950 -10.172250 -12.524650
0.873950 -10.172250 -2.524650
0.873950 -10.172250 7.475350
0.873950 -10.172250 17.475350
0.873950 -10.172250 27.475350
0.873950 -10.172250 37.475350
0.873950 -10.172250 47.475350
0.873950 -10.172250 57.475350
0.873950 -10.172250 67.475350
0.873950 -10.172250 77.475350
0.873950 -10.172250 87.475350
10.873950 -10.172250 -52.524650
10.873950 -10.172250 -42.524650
10.873950 -10.172250 -32.524650
10.873950 -10.172250 -22.524650
10.873950 -10.172250 -12.524650
10.873950 -10.172250 -2.524650
10.873950 -10.172250 7.475350
10.873950 -10.172250 17.475350
10.873950 -10.172250 27.475350
10.873950 -10.172250 37.475350
10.873950 -10.172250 47.475350
10.873950 -10.172250 57.475350
10.873950 -10.172250 67.475350
10.873950 -10.172250 77.475350
10.873950 -10.172250 87.475350
20.873950 -10.172250 -52.524650
20.873950 -10.172250 -42.524650
20.873950 -10.172250 -32.524650
20.873950 -10.172250 -22.524650
20.873950 -10.172250 -12.524650
20.873950 -10.172250 -2.524650
20.873950 -10.172250 7.475350
20.873950 -10.172250 17.475350
20.873950 -10.172250 27.475350
20.873950 -10.172250 37.475350
20.873950 -10.172250 47.475350
20.873950 -10.172250 57.475350
20.873950 -10.172250 67.475350
20.873950 -10.172250 77.475350
20.873950 -10.172250 87.475350
30.873950 -10.172250 -52.524650
30.873950 -10.172250 -42.524650
30.873950 -10.172250 -32.524650
30.873950 -10.172250 -22.524650
30.873950 -10.172250 -12.524650
30.873950 -10.172250 -2.524650
30.873950 -10.172250 7.475350
30.873950 -10.172250 17.475350
30.873950 -10.172250 27.475350
30.873950 -10.172250 37.475350
30.873950 -10.172250 47.475350
30.873950 -10.172250 57.475350
30.873950 -10.172250 67.475350
30.873950 -10.172250 77.475350
30.873950 -10.172250 87.475350
40.873950 -10.172250 -52.524650
40.873950 -10.172250 -42.524650
40.873950 -10.172250 -32.524650
40.873950 -10.172250 -22.524650
40.873950 -10.172250 -12.524650
40.873950 -10.172250 -2.524650
40.873950 -10.172250 7.475350
40.873950 -10.172250 17.475350
40.873950 -10.172250 27.475350
40.873950 -10.172250 37.475350
40.873950 -10.172250 47.475350
40.873950 -10.172250 57.475350
40.873950 -10.172250 67.475350
40.873950 -10.172250 77.475350
40.873950 -10.172250 87.475350
50.873950 -10.172250 -52.524650
50.873950 -10.172250 -42.524650
50.873950 -10.172250 -32.524650
50.873950 -10.172250 -22.524650
50.873950 -10.172250 -12.524650
50.873950 -10.172250 -2.524650
50.873950 -10.172250 7.475350
50.873950 -10.172250 17.475350
50.873950 -10.172250 27.475350
50.873950 -10.172250 37.475350
50.873950 -10.172250 47.475350
50.873950 -10.172250 57.475350
50.873950 -10.172250 67.475350
50.873950 -10.172250 77.475350
50.873950 -10.172250 87.475350
60.873950 -10.172250 -52.524650
60.873950 -10.172250 -42.524650
60.873950 -10.172250 -32.524650
60.873950 -10.172250 -22.524650
60.873950 -10.172250 -12.524650
60.873950 -10.172250 -2.524650
60.873950 -10.172250 7.475350
60.873950 -10.172250 17.475350
60.873950 -10.172250 27.475350
60.873950 -10.172250 37.475350
60.873950 -10.172250 47.475350
60.873950 -10.172250 57.475350
60.873950 -10.172250 67.475350
60.873950 -10.172250 77.475350
60.873950 -10.172250 87.475350
-69.126050 -0.172250 -52.524650
-69.126050 -0.172250 -42.524650
-69.126050 -0.172250 -32.524650
-69.126050 -0.172250 -22.524650
-69.126050 -0.172250 -12.524650
-69.126050 -0.172250 -2.524650
-69.126050 -0.172250 7.475350
-69.126050 -0.172250 17.475350
-69.126050 -0.172250 27.475350
-69.126050 -0.172250 37.475350
-69.126050 -0.172250 47.475350
-69.126050 -0.172250 57.475350
-69.126050 -0.172250 67.475350
-69.126050 -0.172250 77.475350
-69.126050 -0.172250 87.475350
-59.126050 -0.172250 -52.524650
-59.126050 -0.172250 -42.524650
-59.126050 -0.172250 -32.524650
-59.126050 -0.172250 -22.524650
-59.126050 -0.172250 -12.524650
-59.126050 -0.172250 -2.524650
-59.126050 -0.172250 7.475350
-59.126050 -0.172250 17.475350
-59.126050 -0.172250 27.475350
-59.126050 -0.172250 37.475350
-59.126050 -0.172250 47.475350
-59.126050 -0.172250 57.475350
-59.126050 -0.172250 67.475350
-59.126050 -0.172250 77.475350
-59.126050 -0.172250 87.475350
-49.126050 -0.172250 -52.524650
-49.126050 -0.172250 -42.524650
-49.126050 -0.172250 -32.524650
-49.126050 -0.172250 -22.524650
-49.126050 -0.172250 -12.524650
-49.126050 -0.172250 -2.524650
-49.126050 -0.172250 7.475350
-49.126050 -0.172250 17.475350
-49.126050 -0.172250 27.475350
-49.126050 -0.172250 37.475350
-49.126050 -0.172250 47.475350
-49.126050 -0.172250 57.475350
-49.126050 -0.172250 67.475350
-49.126050 -0.172250 77.475350
-49.126050 -0.172250 87.475350
-39.126050 -0.172250 -52.524650
-39.126050 -0.172250 -42.524650
-39.126050 -0.172250 -32.524650
-39.126050 -0.172250 -22.524650
-39.126050 -0.172250 -12.524650
-39.126050 -0.172250 -2.524650
-39.126050 -0.172250 7.475350
-39.126050 -0.172250 17.475350
-39.126050 -0.172250 27.475350
-39.126050 -0.172250 37.475350
-39.126050 -0.172250 47.475350
-39.126050 -0.172250 57.475350
-39.126050 -0.172250 67.475350
-39.126050 -0.172250 77.475350
-39.126050 -0.172250 87.475350
-29.126050 -0.172250 -52.524650
-29.126050 -0.172250 -42.524650
-29.126050 -0.172250 -32.524650
-29.126050 -0.172250 -22.524650
-29.126050 -0.172250 -12.524650
-29.126050 -0.172250 -2.524650
-29.126050 -0.172250 7.475350
-29.126050 -0.172250 17.475350
-29.126050 -0.172250 27.475350
-29.126050 -0.172250 37.475350
-29.126050 -0.172250 47.475350
-29.126050 -0.172250 57.475350
-29.126050 -0.172250 67.475350
-29.126050 -0.172250 77.475350
-29.126050 -0.172250 87.475350
-19.126050 -0.172250 -52.524650
-19.126050 -0.172250 -42.524650
-19.126050 -0.172250 -32.524650
-19.126050 -0.172250 -22.524650
-19.126050 -0.172250 -12.524650
-19.126050 -0.172250 -2.524650
-19.126050 -0.172250 7.475350
-19.126050 -0.172250 17.475350
-19.126050 -0.172250 27.475350
-19.126050 -0.172250 37.475350
-19.126050 -0.172250 47.475350
-19.126050 -0.172250 57.475350
-19.126050 -0.172250 67.475350
-19.126050 -0.172250 77.475350
-19.126050 -0.172250 87.475350
-9.126050 -0.172250 -52.524650
-9.126050 -0.172250 -42.524650
-9.126050 -0.172250 -32.524650
-9.126050 -0.172250 -22.524650
-9.126050 -0.172250 -12.524650
-9.126050 -0.172250 -2.524650
-9.126050 -0.172250 7.475350
-9.126050 -0.172250 17.475350
-9.126050 -0.172250 27.475350
-9.126050 -0.172250 37.475350
-9.126050 -0.172250 47.475350
-9.126050 -0.172250 57.475350
-9.126050 -0.172250 67.475350
-9.126050 -0.172250 77.475350
-9.126050 -0.172250 87.475350
0.873950 -0.172250 -52.524650
0.873950 -0.172250 -42.524650
0.873950 -0.172250 -32.524650
0.873950 -0.172250 -22.524650
0.873950 -0.172250 -12.524650
0.873950 -0.172250 -2.524650
0.873950 -0.172250 7.475350
0.873950 -0.172250 17.475350
0.873950 -0.172250 27.475350
0.873950 -0.172250 37.475350
0.873950 -0.172250 47.475350
0.873950 -0.172250 57.475350
0.873950 -0.172250 67.475350
0.873950 -0.172250 77.475350
0.873950 -0.172250 87.475350
10.873950 -0.172250 -52.524650
10.873950 -0.172250 -42.524650
10.873950 -0.172250 -32.524650
10.873950 -0.172250 -22.524650
10.873950 -0.172250 -12.524650
10.873950 -0.172250 -2.524650
10.873950 -0.172250 7.475350
10.873950 -0.172250 17.475350
10.873950 -0.172250 27.475350
10.873950 -0.172250 37.475350
10.873950 -0.172250 47.475350
10.873950 -0.172250 57.475350
10.873950 -0.172250 67.475350
10.873950 -0.172250 77.475350
10.873950 -0.172250 87.475350
20.873950 -0.172250 -52.524650
20.873950 -0.172250 -42.524650
20.873950 -0.172250 -32.524650
20.873950 -0.172250 -22.524650
20.873950 -0.172250 -12.524650
20.873950 -0.172250 -2.524650
20.873950 -0.172250 7.475350
20.873950 -0.172250 17.475350
20.873950 -0.172250 27.475350
20.873950 -0.172250 37.475350
20.873950 -0.172250 47.475350
20.873950 -0.172250 57.475350
20.873950 -0.172250 67.475350
20.873950 -0.172250 77.475350
20.873950 -0.172250 87.475350
30.873950 -0.172250 -52.524650
30.873950 -0.172250 -42.524650
30.873950 -0.172250 -32.524650
30.873950 -0.172250 -22.524650
30.873950 -0.172250 -12.524650
30.873950 -0.172250 -2.524650
30.873950 -0.172250 7.475350
30.873950 -0.172250 17.475350
30.873950 -0.172250 27.475350
30.873950 -0.172250 37.475350
30.873950 -0.172250 47.475350
30.873950 -0.172250 57.475350
30.873950 -0.172250 67.475350
30.873950 -0.172250 77.475350
30.873950 -0.172250 87.475350
40.873950 -0.172250 -52.524650
40.873950 -0.172250 -42.524650
40.873950 -0.172250 -32.524650
40.873950 -0.172250 -22.524650
40.873950 -0.172250 -12.524650
40.873950 -0.172250 -2.524650
40.873950 -0.172250 7.475350
40.873950 -0.172250 17.475350
40.873950 -0.172250 27.475350
40.873950 -0.172250 37.475350
40.873950 -0.172250 47.475350
40.873950 -0.172250 57.475350
40.873950 -0.172250 67.475350
40.873950 -0.172250 77.475350
40.873950 -0.172250 87.475350
50.873950 -0.172250 -52.524650
50.873950 -0.172250 -42.524650
50.873950 -0.172250 -32.524650
50.873950 -0.172250 -22.524650
50.873950 -0.172250 -12.524650
50.873950 -0.172250 -2.524650
50.873950 -0.172250 7.475350
50.873950 -0.172250 17.475350
50.873950 -0.172250 27.475350
50.873950 -0.172250 37.475350
50.873950 -0.172250 47.475350
50.873950 -0.172250 57.475350
50.873950 -0.172250 67.475350
50.873950 -0.172250 77.475350
50.873950 -0.172250 87.475350
60.873950 -0.172250 -52.524650
60.873950 -0.172250 -42.524650
60.873950 -0.172250 -32.524650
60.873950 -0.172250 -22.524650
60.873950 -0.172250 -12.524650
60.873950 -0.172250 -2.524650
60.873950 -0.172250 7.475350
60.873950 -0.172250 17.475350
60.873950 -0.172250 27.475350
60.873950 -0.172250 37.475350
60.873950 -0.172250 47.475350
60.873950 -0.172250 57.475350
60.873950 -0.172250 67.475350
60.873950 -0.172250 77.475350
60.873950 -0.172250 87.475350
-69.126050 9.827750 -52.524650
-69.126050 9.827750 -42.524650
-69.126050 9.827750 -32.524650
-69.126050 9.827750 -22.524650
-69.126050 9.827750 -12.524650
-69.126050 9.827750 -2.524650
-69.126050 9.827750 7.475350
-69.126050 9.827750 17.475350
-69.126050 9.827750 27.475350
-69.126050 9.827750 37.475350
-69.126050 9.827750 47.475350
-69.126050 9.827750 57.475350
-69.126050 9.827750 67.475350
-69.126050 9.827750 77.475350
-69.126050 9.827750 87.475350
-59.126050 9.827750 -52.524650
-59.126050 9.827750 -42.524650
-59.126050 9.827750 -32.524650
-59.126050 9.827750 -22.524650
-59.126050 9.827750 -12.524650
-59.126050 9.827750 -2.524650
-59.126050 9.827750 7.475350
-59.126050 9.827750 17.475350
-59.126050 9.827750 27.475350
-59.126050 9.827750 37.475350
-59.126050 9.827750 47.475350
-59.126050 9.827750 57.475350
-59.126050 9.827750 67.475350
-59.126050 9.827750 77.475350
-59.126050 9.827750 87.475350
-49.126050 9.827750 -52.524650
-49.126050 9.827750 -42.524650
-49.126050 9.827750 -32.524650
-49.126050 9.827750 -22.524650
-49.126050 9.827750 -12.524650
-49.126050 9.827750 -2.524650
-49.126050 9.827750 7.475350
-49.126050 9.827750 17.475350
-49.126050 9.827750 27.475350
-49.126050 9.827750 37.475350
-49.126050 9.827750 47.475350
-49.126050 9.827750 57.475350
-49.126050 9.827750 67.475350
-49.126050 9.827750 77.475350
-49.126050 9.827750 87.475350
-39.126050 9.827750 -52.524650
-39.126050 9.827750 -42.524650
-39.126050 9.827750 -32.524650
-39.126050 9.827750 -22.524650
-39.126050 9.827750 -12.524650
-39.126050 9.827750 -2.524650
-39.126050 9.827750 7.475350
-39.126050 9.827750 17.475350
-39.126050 9.827750 27.475350
-39.126050 9.827750 37.475350
-39.126050 9.827750 47.475350
-39.126050 9.827750 57.475350
-39.126050 9.827750 67.475350
-39.126050 9.827750 77.475350
-39.126050 9.827750 87.475350
-29.126050 9.827750 -52.524650
-29.126050 9.827750 -42.524650
-29.126050 9.827750 -32.524650
-29.126050 9.827750 -22.524650
-29.126050 9.827750 -12.524650
-29.126050 9.827750 -2.524650
-29.126050 9.827750 7.475350
-29.126050 9.827750 17.475350
-29.126050 9.827750 27.475350
-29.126050 9.827750 37.475350
-29.126050 9.827750 47.475350
-29.126050 9.827750 57.475350
-29.126050 9.827750 67.475350
-29.126050 9.827750 77.475350
-29.126050 9.827750 87.475350
-19.126050 9.827750 -52.524650
-19.126050 9.827750 -42.524650
-19.126050 9.827750 -32.524650
-19.126050 9.827750 -22.524650
-19.126050 9.827750 -12.524650
-19.126050 9.827750 -2.524650
-19.126050 9.827750 7.475350
-19.126050 9.827750 17.475350
-19.126050 9.827750 27.475350
-19.126050 9.827750 37.475350
-19.126050 9.827750 47.475350
-19.126050 9.827750 57.475350
-19.126050 9.827750 67.475350
-19.126050 9.827750 77.475350
-19.126050 9.827750 87.475350
-9.126050 9.827750 -52.524650
-9.126050 9.827750 -42.524650
-9.126050 9.827750 -32.524650
-9.126050 9.827750 -22.524650
-9.126050 9.827750 -12.524650
-9.126050 9.827750 -2.524650
-9.126050 9.827750 7.475350
-9.126050 9.827750 17.475350
-9.126050 9.827750 27.475350
-9.126050 9.827750 37.475350
-9.126050 9.827750 47.475350
-9.126050 9.827750 57.475350
-9.126050 9.827750 67.475350
-9.126050 9.827750 77.475350
-9.126050 9.827750 87.475350
0.873950 9.827750 -52.524650
0.873950 9.827750 -42.524650
0.873950 9.827750 -32.524650
0.873950 9.827750 -22.524650
0.873950 9.827750 -12.524650
0.873950 9.827750 -2.524650
0.873950 9.827750 7.475350
0.873950 9.827750 17.475350
0.873950 9.827750 27.475350
0.873950 9.827750 37.475350
0.873950 9.827750 47.475350
0.873950 9.827750 57.475350
0.873950 9.827750 67.475350
0.873950 9.827750 77.475350
0.873950 9.827750 87.475350
10.873950 9.827750 -52.524650
10.873950 9.827750 -42.524650
10.873950 9.827750 -32.524650
10.873950 9.827750 -22.524650
10.873950 9.827750 -12.524650
10.873950 9.827750 -2.524650
10.873950 9.827750 7.475350
10.873950 9.827750 17.475350
10.873950 9.827750 27.475350
10.873950 9.827750 37.475350
10.873950 9.827750 47.475350
10.873950 9.827750 57.475350
10.873950 9.827750 67.475350
10.873950 9.827750 77.475350
10.873950 9.827750 87.475350
20.873950 9.827750 -52.524650
20.873950 9.827750 -42.524650
20.873950 9.827750 -32.524650
20.873950 9.827750 -22.524650
20.873950 9.827750 -12.524650
20.873950 9.827750 -2.524650
20.873950 9.827750 7.475350
20.873950 9.827750 17.475350
20.873950 9.827750 27.475350
20.873950 9.827750 37.475350
20.873950 9.827750 47.475350
20.873950 9.827750 57.475350
20.873950 9.827750 67.475350
20.873950 9.827750 77.475350
20.873950 9.827750 87.475350
30.873950 9.827750 -52.524650
30.873950 9.827750 -42.524650
30.873950 9.827750 -32.524650
30.873950 9.827750 -22.524650
30.873950 9.827750 -12.524650
30.873950 9.827750 -2.524650
30.873950 9.827750 7.475350
30.873950 9.827750 17.475350
30.873950 9.827750 27.475350
30.873950 9.827750 37.475350
30.873950 9.827750 47.475350
30.873950 9.827750 57.475350
30.873950 9.827750 67.475350
30.873950 9.827750 77.475350
30.873950 9.827750 87.475350
40.873950 9.827750 -52.524650
40.873950 9.827750 -42.524650
40.873950 9.827750 -32.524650
40.873950 9.827750 -22.524650
40.873950 9.827750 -12.524650
40.873950 9.827750 -2.524650
40.873950 9.827750 7.475350
40.873950 9.827750 17.475350
40.873950 9.827750 27.475350
40.873950 9.827750 37.475350
40.873950 9.827750 47.475350
40.873950 9.827750 57.475350
40.873950 9.827750 67.475350
40.873950 9.827750 77.475350
40.873950 9.827750 87.475350
50.873950 9.827750 -52.524650
50.873950 9.827750 -42.524650
50.873950 9.827750 -32.524650
50.873950 9.827750 -22.524650
50.873950 9.827750 -12.524650
50.873950 9.827750 -2.524650
50.873950 9.827750 7.475350
50.873950 9.827750 17.475350
50.873950 9.827750 27.475350
50.873950 9.827750 37.475350
50.873950 9.827750 47.475350
50.873950 9.827750 57.475350
50.873950 9.827750 67.475350
50.873950 9.827750 77.475350
50.873950 9.827750 87.475350
60.873950 9.827750 -52.524650
60.873950 9.827750 -42.524650
60.873950 9.827750 -32.524650
60.873950 9.827750 -22.524650
60.873950 9.827750 -12.524650
60.873950 9.827750 -2.524650
60.873950 9.827750 7.475350
60.873950 9.827750 17.475350
60.873950 9.827750 27.475350
60.873950 9.827750 37.475350
60.873950 9.827750 47.475350
60.873950 9.827750 57.475350
60.873950 9.827750 67.475350
60.873950 9.827750 77.475350
60.873950 9.827750 87.475350
-69.126050 19.827750 -52.524650
-69.126050 19.827750 -42.524650
-69.126050 19.827750 -32.524650
-69.126050 19.827750 -22.524650
-69.126050 19.827750 -12.524650
-69.126050 19.827750 -2.524650
-69.126050 19.827750 7.475350
-69.126050 19.827750 17.475350
-69.126050 19.827750 27.475350
-69.126050 19.827750 37.475350
-69.126050 19.827750 47.475350
-69.126050 19.827750 57.475350
-69.126050 19.827750 67.475350
-69.126050 19.827750 77.475350
-69.126050 19.827750 87.475350
-59.126050 19.827750 -52.524650
-59.126050 19.827750 -42.524650
-59.126050 19.827750 -32.524650
-59.126050 19.827750 -22.524650
-59.126050 19.827750 -12.524650
-59.126050 19.827750 -2.524650
-59.126050 19.827750 7.475350
-59.126050 19.827750 17.475350
-59.126050 19.827750 27.475350
-59.126050 19.827750 37.475350
-59.126050 19.827750 47.475350
-59.126050 19.827750 57.475350
-59.126050 19.827750 67.475350
-59.126050 19.827750 77.475350
-59.126050 19.827750 87.475350
-49.126050 19.827750 -52.524650
-49.126050 19.827750 -42.524650
-49.126050 19.827750 -32.524650
-49.126050 19.827750 -22.524650
-49.126050 19.827750 -12.524650
-49.126050 19.827750 -2.524650
-49.126050 19.827750 7.475350
-49.126050 19.827750 17.475350
-49.126050 19.827750 27.475350
-49.126050 19.827750 37.475350
-49.126050 19.827750 47.475350
-49.126050 19.827750 57.475350
-49.126050 19.827750 67.475350
-49.126050 19.827750 77.475350
-49.126050 19.827750 87.475350
-39.126050 19.827750 -52.524650
-39.126050 19.827750 -42.524650
-39.126050 19.827750 -32.524650
-39.126050 19.827750 -22.524650
-39.126050 19.827750 -12.524650
-39.126050 19.827750 -2.524650
-39.126050 19.827750 7.475350
-39.126050 19.827750 17.475350
-39.126050 19.827750 27.475350
-39.126050 19.827750 37.475350
-39.126050 19.827750 47.475350
-39.126050 19.827750 57.475350
-39.126050 19.827750 67.475350
-39.126050 19.827750 77.475350
-39.126050 19.827750 87.475350
-29.126050 19.827750 -52.524650
-29.126050 19.827750 -42.524650
-29.126050 19.827750 -32.524650
-29.126050 19.827750 -22.524650
-29.126050 19.827750 -12.524650
-29.126050 19.827750 -2.524650
-29.126050 19.827750 7.475350
-29.126050 19.827750 17.475350
-29.126050 19.827750 27.475350
-29.126050 19.827750 37.475350
-29.126050 19.827750 47.475350
-29.126050 19.827750 57.475350
-29.126050 19.827750 67.475350
-29.126050 19.827750 77.475350
-29.126050 19.827750 87.475350
-19.126050 19.827750 -52.524650
-19.126050 19.827750 -42.524650
-19.126050 19.827750 -32.524650
-19.126050 19.827750 -22.524650
-19.126050 19.827750 -12.524650
-19.126050 19.827750 -2.524650
-19.126050 19.827750 7.475350
-19.126050 19.827750 17.475350
-19.126050 19.827750 27.475350
-19.126050 19.827750 37.475350
-19.126050 19.827750 47.475350
-19.126050 19.827750 57.475350
-19.126050 19.827750 67.475350
-19.126050 19.827750 77.475350
-19.126050 19.827750 87.475350
-9.126050 19.827750 -52.524650
-9.126050 19.827750 -42.524650
-9.126050 19.827750 -32.524650
-9.126050 19.827750 -22.524650
-9.126050 19.827750 -12.524650
-9.126050 19.827750 -2.524650
-9.126050 19.827750 7.475350
-9.126050 19.827750 17.475350
-9.126050 19.827750 27.475350
-9.126050 19.827750 37.475350
-9.126050 19.827750 47.475350
-9.126050 19.827750 57.475350
-9.126050 19.827750 67.475350
-9.126050 19.827750 77.475350
-9.126050 19.827750 87.475350
0.873950 19.827750 -52.524650
0.873950 19.827750 -42.524650
0.873950 19.827750 -32.524650
0.873950 19.827750 -22.524650
0.873950 19.827750 -12.524650
0.873950 19.827750 -2.524650
0.873950 19.827750 7.475350
0.873950 19.827750 17.475350
0.873950 19.827750 27.475350
0.873950 19.827750 37.475350
0.873950 19.827750 47.475350
0.873950 19.827750 57.475350
0.873950 19.827750 67.475350
0.873950 19.827750 77.475350
0.873950 19.827750 87.475350
10.873950 19.827750 -52.524650
10.873950 19.827750 -42.524650
10.873950 19.827750 -32.524650
10.873950 19.827750 -22.524650
10.873950 19.827750 -12.524650
10.873950 19.827750 -2.524650
10.873950 19.827750 7.475350
10.873950 19.827750 17.475350
10.873950 19.827750 27.475350
10.873950 19.827750 37.475350
10.873950 19.827750 47.475350
10.873950 19.827750 57.475350
10.873950 19.827750 67.475350
10.873950 19.827750 77.475350
10.873950 19.827750 87.475350
20.873950 19.827750 -52.524650
20.873950 19.827750 -42.524650
20.873950 19.827750 -32.524650
20.873950 19.827750 -22.524650
20.873950 19.827750 -12.524650
20.873950 19.827750 -2.524650
20.873950 19.827750 7.475350
20.873950 19.827750 17.475350
20.873950 19.827750 27.475350
20.873950 19.827750 37.475350
20.873950 19.827750 47.475350
20.873950 19.827750 57.475350
20.873950 19.827750 67.475350
20.873950 19.827750 77.475350
20.873950 19.827750 87.475350
30.873950 19.827750 -52.524650
30.873950 19.827750 -42.524650
30.873950 19.827750 -32.524650
30.873950 19.827750 -22.524650
30.873950 19.827750 -12.524650
30.873950 19.827750 -2.524650
30.873950 19.827750 7.475350
30.873950 19.827750 17.475350
30.873950 19.827750 27.475350
30.873950 19.827750 37.475350
30.873950 19.827750 47.475350
30.873950 19.827750 57.475350
30.873950 19.827750 67.475350
30.873950 19.827750 77.475350
30.873950 19.827750 87.475350
40.873950 19.827750 -52.524650
40.873950 19.827750 -42.524650
40.873950 19.827750 -32.524650
40.873950 19.827750 -22.524650
40.873950 19.827750 -12.524650
40.873950 19.827750 -2.524650
40.873950 19.827750 7.475350
40.873950 19.827750 17.475350
40.873950 19.827750 27.475350
40.873950 19.827750 37.475350
40.873950 19.827750 47.475350
40.873950 19.827750 57.475350
40.873950 19.827750 67.475350
40.873950 19.827750 77.475350
40.873950 19.827750 87.475350
50.873950 19.827750 -52.524650
50.873950 19.827750 -42.524650
50.873950 19.827750 -32.524650
50.873950 19.827750 -22.524650
50.873950 19.827750 -12.524650
50.873950 19.827750 -2.524650
50.873950 19.827750 7.475350
50.873950 19.827750 17.475350
50.873950 19.827750 27.475350
50.873950 19.827750 37.475350
50.873950 19.827750 47.475350
50.873950 19.827750 57.475350
50.873950 19.827750 67.475350
50.873950 19.827750 77.475350
50.873950 19.827750 87.475350
60.873950 19.827750 -52.524650
60.873950 19.827750 -42.524650
60.873950 19.827750 -32.524650
60.873950 19.827750 -22.524650
60.873950 19.827750 -12.524650
60.873950 19.827750 -2.524650
60.873950 19.827750 7.475350
60.873950 19.827750 17.475350
60.873950 19.827750 27.475350
60.873950 19.827750 37.475350
60.873950 19.827750 47.475350
60.873950 19.827750 57.475350
60.873950 19.827750 67.475350
60.873950 19.827750 77.475350
60.873950 19.827750 87.475350
-69.126050 29.827750 -52.524650
-69.126050 29.827750 -42.524650
-69.126050 29.827750 -32.524650
-69.126050 29.827750 -22.524650
-69.126050 29.827750 -12.524650
-69.126050 29.827750 -2.524650
-69.126050 29.827750 7.475350
-69.126050 29.827750 17.475350
-69.126050 29.827750 27.475350
-69.126050 29.827750 37.475350
-69.126050 29.827750 47.475350
-69.126050 29.827750 57.475350
-69.126050 29.827750 67.475350
-69.126050 29.827750 77.475350
-69.126050 29.827750 87.475350
-59.126050 29.827750 -52.524650
-59.126050 29.827750 -42.524650
-59.126050 29.827750 -32.524650
-59.126050 29.827750 -22.524650
-59.126050 29.827750 -12.524650
-59.126050 29.827750 -2.524650
-59.126050 29.827750 7.475350
-59.126050 29.827750 17.475350
-59.126050 29.827750 27.475350
-59.126050 29.827750 37.475350
-59.126050 29.827750 47.475350
-59.126050 29.827750 57.475350
-59.126050 29.827750 67.475350
-59.126050 29.827750 77.475350
-59.126050 29.827750 87.475350
-49.126050 29.827750 -52.524650
-49.126050 29.827750 -42.524650
-49.126050 29.827750 -32.524650
-49.126050 29.827750 -22.524650
-49.126050 29.827750 -12.524650
-49.126050 29.827750 -2.524650
-49.126050 29.827750 7.475350
-49.126050 29.827750 17.475350
-49.126050 29.827750 27.475350
-49.126050 29.827750 37.475350
-49.126050 29.827750 47.475350
-49.126050 29.827750 57.475350
-49.126050 29.827750 67.475350
-49.126050 29.827750 77.475350
-49.126050 29.827750 87.475350
-39.126050 29.827750 -52.524650
-39.126050 29.827750 -42.524650
-39.126050 29.827750 -32.524650
-39.126050 29.827750 -22.524650
-39.126050 29.827750 -12.524650
-39.126050 29.827750 -2.524650
-39.126050 29.827750 7.475350
-39.126050 29.827750 17.475350
-39.126050 29.827750 27.475350
-39.126050 29.827750 37.475350
-39.126050 29.827750 47.475350
-39.126050 29.827750 57.475350
-39.126050 29.827750 67.475350
-39.126050 29.827750 77.475350
-39.126050 29.827750 87.475350
-29.126050 29.827750 -52.524650
-29.126050 29.827750 -42.524650
-29.126050 29.827750 -32.524650
-29.126050 29.827750 -22.524650
-29.126050 29.827750 -12.524650
-29.126050 29.827750 -2.524650
-29.126050 29.827750 7.475350
-29.126050 29.827750 17.475350
-29.126050 29.827750 27.475350
-29.126050 29.827750 37.475350
-29.126050 29.827750 47.475350
-29.126050 29.827750 57.475350
-29.126050 29.827750 67.475350
-29.126050 29.827750 77.475350
-29.126050 29.827750 87.475350
-19.126050 29.827750 -52.524650
-19.126050 29.827750 -42.524650
-19.126050 29.827750 -32.524650
-19.126050 29.827750 -22.524650
-19.126050 29.827750 -12.524650
-19.126050 29.827750 -2.524650
-19.126050 29.827750 7.475350
-19.126050 29.827750 17.475350
-19.126050 29.827750 27.475350
-19.126050 29.827750 37.475350
-19.126050 29.827750 47.475350
-19.126050 29.827750 57.475350
-19.126050 29.827750 67.475350
-19.126050 29.827750 77.475350
-19.126050 29.827750 87.475350
-9.126050 29.827750 -52.524650
-9.126050 29.827750 -42.524650
-9.126050 29.827750 -32.524650
-9.126050 29.827750 -22.524650
-9.126050 29.827750 -12.524650
-9.126050 29.827750 -2.524650
-9.126050 29.827750 7.475350
-9.126050 29.827750 17.475350
-9.126050 29.827750 27.475350
-9.126050 29.827750 37.475350
-9.126050 29.827750 47.475350
-9.126050 29.827750 57.475350
-9.126050 29.827750 67.475350
-9.126050 29.827750 77.475350
-9.126050 29.827750 87.475350
0.873950 29.827750 -52.524650
0.873950 29.827750 -42.524650
0.873950 29.827750 -32.524650
0.873950 29.827750 -22.524650
0.873950 29.827750 -12.524650
0.873950 29.827750 -2.524650
0.873950 29.827750 7.475350
0.873950 29.827750 17.475350
0.873950 29.827750 27.475350
0.873950 29.827750 37.475350
0.873950 29.827750 47.475350
0.873950 29.827750 57.475350
0.873950 29.827750 67.475350
0.873950 29.827750 77.475350
0.873950 29.827750 87.475350
10.873950 29.827750 -52.524650
10.873950 29.827750 -42.524650
10.873950 29.827750 -32.524650
10.873950 29.827750 -22.524650
10.873950 29.827750 -12.524650
10.873950 29.827750 -2.524650
10.873950 29.827750 7.475350
10.873950 29.827750 17.475350
10.873950 29.827750 27.475350
10.873950 29.827750 37.475350
10.873950 29.827750 47.475350
10.873950 29.827750 57.475350
10.873950 29.827750 67.475350
10.873950 29.827750 77.475350
10.873950 29.827750 87.475350
20.873950 29.827750 -52.524650
20.873950 29.827750 -42.524650
20.873950 29.827750 -32.524650
20.873950 29.827750 -22.524650
20.873950 29.827750 -12.524650
20.873950 29.827750 -2.524650
20.873950 29.827750 7.475350
20.873950 29.827750 17.475350
20.873950 29.827750 27.475350
20.873950 29.827750 37.475350
20.873950 29.827750 47.475350
20.873950 29.827750 57.475350
20.873950 29.827750 67.475350
20.873950 29.827750 77.475350
20.873950 29.827750 87.475350
30.873950 29.827750 -52.524650
30.873950 29.827750 -42.524650
30.873950 29.827750 -32.524650
30.873950 29.827750 -22.524650
30.873950 29.827750 -12.524650
30.873950 29.827750 -2.524650
30.873950 29.827750 7.475350
30.873950 29.827750 17.475350
30.873950 29.827750 27.475350
30.873950 29.827750 37.475350
30.873950 29.827750 47.475350
30.873950 29.827750 57.475350
30.873950 29.827750 67.475350
30.873950 29.827750 77.475350
30.873950 29.827750 87.475350
40.873950 29.827750 -52.524650
40.873950 29.827750 -42.524650
40.873950 29.827750 -32.524650
40.873950 29.827750 -22.524650
40.873950 29.827750 -12.524650
40.873950 29.827750 -2.524650
40.873950 29.827750 7.475350
40.873950 29.827750 17.475350
40.873950 29.827750 27.475350
40.873950 29.827750 37.475350
40.873950 29.827750 47.475350
40.873950 29.827750 57.475350
40.873950 29.827750 67.475350
40.873950 29.827750 77.475350
40.873950 29.827750 87.475350
50.873950 29.827750 -52.524650
50.873950 29.827750 -42.524650
50.873950 29.827750 -32.524650
50.873950 29.827750 -22.524650
50.873950 29.827750 -12.524650
50.873950 29.827750 -2.524650
50.873950 29.827750 7.475350
50.873950 29.827750 17.475350
50.873950 29.827750 27.475350
50.873950 29.827750 37.475350
50.873950 29.827750 47.475350
50.873950 29.827750 57.475350
50.873950 29.827750 67.475350
50.873950 29.827750 77.475350
50.873950 29.827750 87.475350
60.873950 29.827750 -52.524650
60.873950 29.827750 -42.524650
60.873950 29.827750 -32.524650
60.873950 29.827750 -22.524650
60.873950 29.827750 -12.524650
60.873950 29.827750 -2.524650
60.873950 29.827750 7.475350
60.873950 29.827750 17.475350
60.873950 29.827750 27.475350
60.873950 29.827750 37.475350
60.873950 29.827750 47.475350
60.873950 29.827750 57.475350
60.873950 29.827750 67.475350
60.873950 29.827750 77.475350
60.873950 29.827750 87.475350
-69.126050 39.827750 -52.524650
-69.126050 39.827750 -42.524650
-69.126050 39.827750 -32.524650
-69.126050 39.827750 -22.524650
-69.126050 39.827750 -12.524650
-69.126050 39.827750 -2.524650
-69.126050 39.827750 7.475350
-69.126050 39.827750 17.475350
-69.126050 39.827750 27.475350
-69.126050 39.827750 37.475350
-69.126050 39.827750 47.475350
-69.126050 39.827750 57.475350
-69.126050 39.827750 67.475350
-69.126050 39.827750 77.475350
-69.126050 39.827750 87.475350
-59.126050 39.827750 -52.524650
-59.126050 39.827750 -42.524650
-59.126050 39.827750 -32.524650
-59.126050 39.827750 -22.524650
-59.126050 39.827750 -12.524650
-59.126050 39.827750 -2.524650
-59.126050 39.827750 7.475350
-59.126050 39.827750 17.475350
-59.126050 39.827750 27.475350
-59.126050 39.827750 37.475350
-59.126050 39.827750 47.475350
-59.126050 39.827750 57.475350
-59.126050 39.827750 67.475350
-59.126050 39.827750 77.475350
-59.126050 39.827750 87.475350
-49.126050 39.827750 -52.524650
-49.126050 39.827750 -42.524650
-49.126050 39.827750 -32.524650
-49.126050 39.827750 -22.524650
-49.126050 39.827750 -12.524650
-49.126050 39.827750 -2.524650
-49.126050 39.827750 7.475350
-49.126050 39.827750 17.475350
-49.126050 39.827750 27.475350
-49.126050 39.827750 37.475350
-49.126050 39.827750 47.475350
-49.126050 39.827750 57.475350
-49.126050 39.827750 67.475350
-49.126050 39.827750 77.475350
-49.126050 39.827750 87.475350
-39.126050 39.827750 -52.524650
-39.126050 39.827750 -42.524650
-39.126050 39.827750 -32.524650
-39.126050 39.827750 -22.524650
-39.126050 39.827750 -12.524650
-39.126050 39.827750 -2.524650
-39.126050 39.827750 7.475350
-39.126050 39.827750 17.475350
-39.126050 39.827750 27.475350
-39.126050 39.827750 37.475350
-39.126050 39.827750 47.475350
-39.126050 39.827750 57.475350
-39.126050 39.827750 67.475350
-39.126050 39.827750 77.475350
-39.126050 39.827750 87.475350
-29.126050 39.827750 -52.524650
-29.126050 39.827750 -42.524650
-29.126050 39.827750 -32.524650
-29.126050 39.827750 -22.524650
-29.126050 39.827750 -12.524650
-29.126050 39.827750 -2.524650
-29.126050 39.827750 7.475350
-29.126050 39.827750 17.475350
-29.126050 39.827750 27.475350
-29.126050 39.827750 37.475350
-29.126050 39.827750 47.475350
-29.126050 39.827750 57.475350
-29.126050 39.827750 67.475350
-29.126050 39.827750 77.475350
-29.126050 39.827750 87.475350
-19.126050 39.827750 -52.524650
-19.126050 39.827750 -42.524650
-19.126050 39.827750 -32.524650
-19.126050 39.827750 -22.524650
-19.126050 39.827750 -12.524650
-19.126050 39.827750 -2.524650
-19.126050 39.827750 7.475350
-19.126050 39.827750 17.475350
-19.126050 39.827750 27.475350
-19.126050 39.827750 37.475350
-19.126050 39.827750 47.475350
-19.126050 39.827750 57.475350
-19.126050 39.827750 67.475350
-19.126050 39.827750 77.475350
-19.126050 39.827750 87.475350
-9.126050 39.827750 -52.524650
-9.126050 39.827750 -42.524650
-9.126050 39.827750 -32.524650
-9.126050 39.827750 -22.524650
-9.126050 39.827750 -12.524650
-9.126050 39.827750 -2.524650
-9.126050 39.827750 7.475350
-9.126050 39.827750 17.475350
-9.126050 39.827750 27.475350
-9.126050 39.827750 37.475350
-9.126050 39.827750 47.475350
-9.126050 39.827750 57.475350
-9.126050 39.827750 67.475350
-9.126050 39.827750 77.475350
-9.126050 39.827750 87.475350
0.873950 39.827750 -52.524650
0.873950 39.827750 -42.524650
0.873950 39.827750 -32.524650
0.873950 39.827750 -22.524650
0.873950 39.827750 -12.524650
0.873950 39.827750 -2.524650
0.873950 39.827750 7.475350
0.873950 39.827750 17.475350
0.873950 39.827750 27.475350
0.873950 39.827750 37.475350
0.873950 39.827750 47.475350
0.873950 39.827750 57.475350
0.873950 39.827750 67.475350
0.873950 39.827750 77.475350
0.873950 39.827750 87.475350
10.873950 39.827750 -52.524650
10.873950 39.827750 -42.524650
10.873950 39.827750 -32.524650
10.873950 39.827750 -22.524650
10.873950 39.827750 -12.524650
10.873950 39.827750 -2.524650
10.873950 39.827750 7.475350
10.873950 39.827750 17.475350
10.873950 39.827750 27.475350
10.873950 39.827750 37.475350
10.873950 39.827750 47.475350
10.873950 39.827750 57.475350
10.873950 39.827750 67.475350
10.873950 39.827750 77.475350
10.873950 39.827750 87.475350
20.873950 39.827750 -52.524650
20.873950 39.827750 -42.524650
20.873950 39.827750 -32.524650
20.873950 39.827750 -22.524650
20.873950 39.827750 -12.524650
20.873950 39.827750 -2.524650
20.873950 39.827750 7.475350
20.873950 39.827750 17.475350
20.873950 39.827750 27.475350
20.873950 39.827750 37.475350
20.873950 39.827750 47.475350
20.873950 39.827750 57.475350
20.873950 39.827750 67.475350
20.873950 39.827750 77.475350
20.873950 39.827750 87.475350
30.873950 39.827750 -52.524650
30.873950 39.827750 -42.524650
30.873950 39.827750 -32.524650
30.873950 39.827750 -22.524650
30.873950 39.827750 -12.524650
30.873950 39.827750 -2.524650
30.873950 39.827750 7.475350
30.873950 39.827750 17.475350
30.873950 39.827750 27.475350
30.873950 39.827750 37.475350
30.873950 39.827750 47.475350
30.873950 39.827750 57.475350
30.873950 39.827750 67.475350
30.873950 39.827750 77.475350
30.873950 39.827750 87.475350
40.873950 39.827750 -52.524650
40.873950 39.827750 -42.524650
40.873950 39.827750 -32.524650
40.873950 39.827750 -22.524650
40.873950 39.827750 -12.524650
40.873950 39.827750 -2.524650
40.873950 39.827750 7.475350
40.873950 39.827750 17.475350
40.873950 39.827750 27.475350
40.873950 39.827750 37.475350
40.873950 39.827750 47.475350
40.873950 39.827750 57.475350
40.873950 39.827750 67.475350
40.873950 39.827750 77.475350
40.873950 39.827750 87.475350
50.873950 39.827750 -52.524650
50.873950 39.827750 -42.524650
50.873950 39.827750 -32.524650
50.873950 39.827750 -22.524650
50.873950 39.827750 -12.524650
50.873950 39.827750 -2.524650
50.873950 39.827750 7.475350
50.873950 39.827750 17.475350
50.873950 39.827750 27.475350
50.873950 39.827750 37.475350
50.873950 39.827750 47.475350
50.873950 39.827750 57.475350
50.873950 39.827750 67.475350
50.873950 39.827750 77.475350
50.873950 39.827750 87.475350
60.873950 39.827750 -52.524650
60.873950 39.827750 -42.524650
60.873950 39.827750 -32.524650
60.873950 39.827750 -22.524650
60.873950 39.827750 -12.524650
60.873950 39.827750 -2.524650
60.873950 39.827750 7.475350
60.873950 39.827750 17.475350
60.873950 39.827750 27.475350
60.873950 39.827750 37.475350
60.873950 39.827750 47.475350
60.873950 39.827750 57.475350
60.873950 39.827750 67.475350
60.873950 39.827750 77.475350
60.873950 39.827750 87.475350
-69.126050 49.827750 -52.524650
-69.126050 49.827750 -42.524650
-69.126050 49.827750 -32.524650
-69.126050 49.827750 -22.524650
-69.126050 49.827750 -12.524650
-69.126050 49.827750 -2.524650
-69.126050 49.827750 7.475350
-69.126050 49.827750 17.475350
-69.126050 49.827750 27.475350
-69.126050 49.827750 37.475350
-69.126050 49.827750 47.475350
-69.126050 49.827750 57.475350
-69.126050 49.827750 67.475350
-69.126050 49.827750 77.475350
-69.126050 49.827750 87.475350
-59.126050 49.827750 -52.524650
-59.126050 49.827750 -42.524650
-59.126050 49.827750 -32.524650
-59.126050 49.827750 -22.524650
-59.126050 49.827750 -12.524650
-59.126050 49.827750 -2.524650
-59.126050 49.827750 7.475350
-59.126050 49.827750 17.475350
-59.126050 49.827750 27.475350
-59.126050 49.827750 37.475350
-59.126050 49.827750 47.475350
-59.126050 49.827750 57.475350
-59.126050 49.827750 67.475350
-59.126050 49.827750 77.475350
-59.126050 49.827750 87.475350
-49.126050 49.827750 -52.524650
-49.126050 49.827750 -42.524650
-49.126050 49.827750 -32.524650
-49.126050 49.827750 -22.524650
-49.126050 49.827750 -12.524650
-49.126050 49.827750 -2.524650
-49.126050 49.827750 7.475350
-49.126050 49.827750 17.475350
-49.126050 49.827750 27.475350
-49.126050 49.827750 37.475350
-49.126050 49.827750 47.475350
-49.126050 49.827750 57.475350
-49.126050 49.827750 67.475350
-49.126050 49.827750 77.475350
-49.126050 49.827750 87.475350
-39.126050 49.827750 -52.524650
-39.126050 49.827750 -42.524650
-39.126050 49.827750 -32.524650
-39.126050 49.827750 -22.524650
-39.126050 49.827750 -12.524650
-39.126050 49.827750 -2.524650
-39.126050 49.827750 7.475350
-39.126050 49.827750 17.475350
-39.126050 49.827750 27.475350
-39.126050 49.827750 37.475350
-39.126050 49.827750 47.475350
-39.126050 49.827750 57.475350
-39.126050 49.827750 67.475350
-39.126050 49.827750 77.475350
-39.126050 49.827750 87.475350
-29.126050 49.827750 -52.524650
-29.126050 49.827750 -42.524650
-29.126050 49.827750 -32.524650
-29.126050 49.827750 -22.524650
-29.126050 49.827750 -12.524650
-29.126050 49.827750 -2.524650
-29.126050 49.827750 7.475350
-29.126050 49.827750 17.475350
-29.126050 49.827750 27.475350
-29.126050 49.827750 37.475350
-29.126050 49.827750 47.475350
-29.126050 49.827750 57.475350
-29.126050 49.827750 67.475350
-29.126050 49.827750 77.475350
-29.126050 49.827750 87.475350
-19.126050 49.827750 -52.524650
-19.126050 49.827750 -42.524650
-19.126050 49.827750 -32.524650
-19.126050 49.827750 -22.524650
-19.126050 49.827750 -12.524650
-19.126050 49.827750 -2.524650
-19.126050 49.827750 7.475350
-19.126050 49.827750 17.475350
-19.126050 49.827750 27.475350
-19.126050 49.827750 37.475350
-19.126050 49.827750 47.475350
-19.126050 49.827750 57.475350
-19.126050 49.827750 67.475350
-19.126050 49.827750 77.475350
-19.126050 49.827750 87.475350
-9.126050 49.827750 -52.524650
-9.126050 49.827750 -42.524650
-9.126050 49.827750 -32.524650
-9.126050 49.827750 -22.524650
-9.126050 49.827750 -12.524650
-9.126050 49.827750 -2.524650
-9.126050 49.827750 7.475350
-9.126050 49.827750 17.475350
-9.126050 49.827750 27.475350
-9.126050 49.827750 37.475350
-9.126050 49.827750 47.475350
-9.126050 49.827750 57.475350
-9.126050 49.827750 67.475350
-9.126050 49.827750 77.475350
-9.126050 49.827750 87.475350
0.873950 49.827750 -52.524650
0.873950 49.827750 -42.524650
0.873950 49.827750 -32.524650
0.873950 49.827750 -22.524650
0.873950 49.827750 -12.524650
0.873950 49.827750 -2.524650
0.873950 49.827750 7.475350
0.873950 49.827750 17.475350
0.873950 49.827750 27.475350
0.873950 49.827750 37.475350
0.873950 49.827750 47.475350
0.873950 49.827750 57.475350
0.873950 49.827750 67.475350
0.873950 49.827750 77.475350
0.873950 49.827750 87.475350
10.873950 49.827750 -52.524650
10.873950 49.827750 -42.524650
10.873950 49.827750 -32.524650
10.873950 49.827750 -22.524650
10.873950 49.827750 -12.524650
10.873950 49.827750 -2.524650
10.873950 49.827750 7.475350
10.873950 49.827750 17.475350
10.873950 49.827750 27.475350
10.873950 49.827750 37.475350
10.873950 49.827750 47.475350
10.873950 49.827750 57.475350
10.873950 49.827750 67.475350
10.873950 49.827750 77.475350
10.873950 49.827750 87.475350
20.873950 49.827750 -52.524650
20.873950 49.827750 -42.524650
20.873950 49.827750 -32.524650
20.873950 49.827750 -22.524650
20.873950 49.827750 -12.524650
20.873950 49.827750 -2.524650
20.873950 49.827750 7.475350
20.873950 49.827750 17.475350
20.873950 49.827750 27.475350
20.873950 49.827750 37.475350
20.873950 49.827750 47.475350
20.873950 49.827750 57.475350
20.873950 49.827750 67.475350
20.873950 49.827750 77.475350
20.873950 49.827750 87.475350
30.873950 49.827750 -52.524650
30.873950 49.827750 -42.524650
30.873950 49.827750 -32.524650
30.873950 49.827750 -22.524650
30.873950 49.827750 -12.524650
30.873950 49.827750 -2.524650
30.873950 49.827750 7.475350
30.873950 49.827750 17.475350
30.873950 49.827750 27.475350
30.873950 49.827750 37.475350
30.873950 49.827750 47.475350
30.873950 49.827750 57.475350
30.873950 49.827750 67.475350
30.873950 49.827750 77.475350
30.873950 49.827750 87.475350
40.873950 49.827750 -52.524650
40.873950 49.827750 -42.524650
40.873950 49.827750 -32.524650
40.873950 49.827750 -22.524650
40.873950 49.827750 -12.524650
40.873950 49.827750 -2.524650
40.873950 49.827750 7.475350
40.873950 49.827750 17.475350
40.873950 49.827750 27.475350
40.873950 49.827750 37.475350
40.873950 49.827750 47.475350
40.873950 49.827750 57.475350
40.873950 49.827750 67.475350
40.873950 49.827750 77.475350
40.873950 49.827750 87.475350
50.873950 49.827750 -52.524650
50.873950 49.827750 -42.524650
50.873950 49.827750 -32.524650
50.873950 49.827750 -22.524650
50.873950 49.827750 -12.524650
50.873950 49.827750 -2.524650
50.873950 49.827750 7.475350
50.873950 49.827750 17.475350
50.873950 49.827750 27.475350
50.873950 49.827750 37.475350
50.873950 49.827750 47.475350
50.873950 49.827750 57.475350
50.873950 49.827750 67.475350
50.873950 49.827750 77.475350
50.873950 49.827750 87.475350
60.873950 49.827750 -52.524650
60.873950 49.827750 -42.524650
60.873950 49.827750 -32.524650
60.873950 49.827750 -22.524650
60.873950 49.827750 -12.524650
60.873950 49.827750 -2.524650
60.873950 49.827750 7.475350
60.873950 49.827750 17.475350
60.873950 49.827750 27.475350
60.873950 49.827750 37.475350
60.873950 49.827750 47.475350
60.873950 49.827750 57.475350
60.873950 49.827750 67.475350
60.873950 49.827750 77.475350
60.873950 49.827750 87.475350
